 SNR  Files  Sync    BM    FT  Hint Total  False BadSync
--------------------------------------------------------
-18.0  1000   998   917   998   998   998     1     2
-18.5  1000   998   824   998   998   998     0     2
-19.0  1000   999   695   999   999   999     0     1
-19.5  1000   999   504   999   999   999     0     1
-20.0  1000  1000   300  1000  1000  1000     0     0
-20.5  1000  1000   148  1000  1000  1000     0     0
-21.0  1000  1000    56  1000  1000  1000     0     0
-21.5  1000  1000    10  1000  1000  1000     0     0
-22.0  1000   999     3   995  1000  1000     0     1
-22.5  1000   998     0   972  1000  1000     0     2
-23.0  1000   997     0   899   999   999     0     3
-23.5  1000   996     0   758   999   999     0     4
-24.0  1000   990     0   545   999   999     0    10
-24.5  1000   981     0   305   988   988     2    19
-25.0  1000   964     0   128   987   987     0    36
-25.5  1000   930     0    43   956   956     4    70
-26.0  1000   870     0    15   932   932     4   130
-26.5  1000   810     0     4   889   889     8   190
-27.0  1000   737     0     0   798   798     9   263
-27.5  1000   632     0     0   650   650    10   368
-28.0  1000   522     0     0   526   526    15   478
-28.5  1000   426     0     0   383   383    19   574
-29.0  1000   332     0     0   226   226    34   668
-29.5  1000   260     0     0   136   136    32   740
-30.0  1000   209     0     0    64    64    47   791
