 SNR  Files  Sync    BM    FT  Hint Total  False BadSync
--------------------------------------------------------
-18.0  1000  1000  1000  1000  1000  1000     0     0
-18.5  1000  1000  1000  1000  1000  1000     0     0
-19.0  1000  1000  1000  1000  1000  1000     0     0
-19.5  1000  1000  1000  1000  1000  1000     0     0
-20.0  1000  1000  1000  1000  1000  1000     0     0
-20.5  1000  1000  1000  1000  1000  1000     0     0
-21.0  1000  1000  1000  1000  1000  1000     0     0
-21.5  1000  1000   991  1000  1000  1000     0     0
-22.0  1000  1000   918  1000  1000  1000     0     0
-22.5  1000  1000   631  1000  1000  1000     0     0
-23.0  1000  1000   261  1000  1000  1000     0     0
-23.5  1000  1000    57   990  1000  1000     0     0
-24.0  1000  1000     0   925  1000  1000     0     0
-24.5  1000  1000     0   737  1000  1000     0     0
-25.0  1000   999     0   445   999   999     1   ?
-25.5  1000   996     0   191   996   996     2   ?
-26.0  1000   980     0    68   985   985     3   ?
-26.5  1000   953     0    18   975   975     3   ?
-27.0  1000   904     0     3   926   926     4   ?
-27.5  1000   816     0     2   874   874     3   ?
-28.0  1000   722     0     0   786   786     7   ?
-28.5  1000   590     0     0   616   616    12   ?
-29.0  1000   451     0     0   479   479    15   ?
-29.5  1000   355     0     0   303   303    27   ?
-30.0  1000   277     0     0   173   173    28   ?
